1 86527
2 18282
3 3958
4 5989
5 6284
6 1086
7 543
8 4129
9 6
10 2290
11 1050
12 375
13 801
14 430
15 692
16 12035
17 4708
18 197
19 726
20 520
21 223
22 420
23 67
24 104
25 1093
26 128
27 2
28 19
29 925
30 25
31 289
32 56
33 157
34 86
35 111
36 2
37 4
38 62
39 344
40 354
41 248
42 3
43 12
44 31
45 458
46 61
47 43
48 36
49 49
50 28
51 15
52 82
53 134
54 94
55 29
56 1
57 23
58 52
59 18
60 3
61 31
62 8
63 1
64 23
65 11
66 69
67 72
68 120
69 380
70 162
71 159
72 71
73 816
74 46
75 38
76 17
77 60
78 16
79 25
80 114
81 75
82 242
83 306
84 837
85 270
86 66
87 165
88 191
89 103
90 233
91 52
92 90
93 17
94 20
95 17
96 69
97 27
98 1
99 1
100 21
101 2
102 13
103 4
104 10
105 49
106 113
107 177
108 786
109 71
110 639
111 36
112 36
113 24
114 52
115 53
116 13
117 68
118 72
119 76
120 66
121 7
122 115
123 26
124 3
125 8
126 24
127 6
128 28
129 5
130 4
131 8
132 70
133 18
134 91
135 8
136 203
137 3
138 34
139 31
140 17
141 8
142 16
143 19
144 24
145 8
146 4
147 33
148 224
149 93
150 240
151 97
152 75
153 18
154 162
155 91
156 191
157 174
158 159
159 32
160 237
161 85
162 36
163 39
164 72
165 24
166 109
167 16
168 34
169 49
170 60
171 20
172 26
173 19
174 27
175 4
176 6
177 23
178 112
179 4
180 36
181 83
182 60
183 10
184 32
185 25
186 7
187 113
188 20
189 23
190 32
191 21
192 3
193 27
194 7
195 8
196 4
197 8
198 1
199 20
200 3
201 4
202 17
203 3
204 13
205 2
206 2
207 2
208 159
209 35
210 1
211 8
212 2
213 40
214 88
215 449
216 729
217 3
218 82
219 12
220 33
221 6
222 4
223 6
224 19
225 2
226 39
227 418
228 71
229 22
230 222
231 497
232 19
233 43
234 206
235 1
236 60
237 142
238 52
239 179
240 58
241 447
242 38
243 54
244 19
245 81
246 18
247 39
248 28
249 19
250 100
251 80
252 65
253 39
254 19
255 1
256 275
257 275
258 86
259 39
260 19
261 23
262 102
263 269
264 85
265 23
266 39
267 79
268 72
269 50
270 83
271 49
272 28
273 26
274 4
275 9
276 1
277 20
278 45
279 233
280 14
281 9
282 8
283 59
284 16
285 71
286 40
287 19
288 150
289 95
290 44
291 76
292 52
293 33
294 67
295 27
296 73
297 80
298 82
299 38
300 19
301 46
302 8
303 15
304 5
305 27
306 108
307 60
308 12
309 4
310 5
311 36
312 6
313 54
314 17
315 6
316 22
317 4
318 12
319 9
320 15
321 46
322 40
323 219
324 7
325 20
326 19
327 3
328 5
329 1
330 2
331 2
332 5
333 1
334 11
335 11
336 64
337 22
338 8
339 2
340 21
341 90
342 18
343 3
344 18
345 2
346 2
347 1
348 10
349 1
350 13
351 18
352 344
353 38
354 93
355 15
356 17
357 22
358 10
359 52
360 23
361 10
362 18
363 63
364 67
365 1
366 6
367 97
368 72
369 149
370 45
371 59
372 57
373 46
374 8
375 1
376 13
377 22
378 6
379 20
380 15
381 5
382 9
383 54
384 5
385 14
386 11
387 7
388 4
389 6
390 1
391 2
392 33
393 14
394 2
1 11164
2 3564
3 435
4 1023
5 2479
6 232
7 135
8 1291
10 933
11 183
12 68
13 567
14 46
15 370
16 4667
17 2803
18 152
19 376
20 406
21 223
22 273
23 43
24 75
25 596
26 80
27 2
28 19
29 925
30 25
31 274
32 56
33 157
34 79
35 52
36 2
37 4
38 62
39 344
40 346
41 248
42 3
43 12
44 31
45 458
46 61
47 43
48 36
49 49
50 19
51 1
52 82
53 134
54 94
55 29
56 1
57 23
58 52
59 18
60 3
61 31
62 8
63 1
64 23
65 11
66 69
67 72
68 120
69 380
70 162
71 159
72 71
73 816
74 46
75 38
76 17
77 60
78 16
79 25
80 114
81 75
82 242
83 306
84 837
85 270
86 66
87 165
88 191
89 103
90 233
91 52
92 90
93 17
94 20
95 17
96 69
97 27
98 1
99 1
100 21
101 2
102 13
103 4
104 10
105 49
106 113
107 177
108 786
109 71
110 639
111 36
112 36
113 24
114 52
115 53
116 13
117 68
118 72
119 76
120 66
121 7
122 115
123 26
124 3
125 8
126 24
127 6
128 28
129 5
130 4
131 8
132 70
133 18
134 91
135 8
136 203
137 3
138 34
139 31
140 17
141 8
142 16
143 19
144 24
145 8
146 4
147 33
148 224
149 93
150 240
151 97
152 75
153 18
154 162
155 91
156 191
157 174
158 159
159 32
160 237
161 85
162 36
163 39
164 72
165 24
166 109
167 16
168 34
169 49
170 60
171 20
172 26
173 19
174 27
175 4
176 6
177 23
178 112
179 4
180 36
181 83
182 60
183 10
184 32
185 25
186 7
187 113
188 20
189 23
190 32
191 21
192 3
193 27
194 7
195 8
196 4
197 8
198 1
199 20
200 3
201 4
202 17
203 3
204 13
205 2
206 2
208 56
211 2
250 31
251 23
257 25
259 4
262 9
265 4
278 3
284 16
285 20
286 4
300 19
324 7
326 19
327 3
328 5
329 1
330 2
333 1
334 11
340 21
1 31753
2 9329
3 1995
4 3585
5 3129
6 648
7 311
8 2245
10 1152
11 547
12 255
13 199
14 195
15 288
16 5201
17 1630
18 43
19 306
20 109
22 143
23 24
24 27
25 480
26 47
31 11
34 7
35 57
40 8
50 9
51 7
207 2
208 58
209 35
210 1
211 6
212 2
213 40
214 88
215 449
216 729
217 3
218 82
219 12
220 33
221 6
222 4
223 6
224 19
225 2
226 39
227 418
228 71
229 22
230 222
231 497
232 19
233 43
234 206
235 1
236 60
237 142
238 52
239 179
240 58
241 447
242 38
243 54
244 19
245 81
246 18
247 39
248 28
249 19
250 69
251 57
252 65
253 39
254 19
255 1
256 275
257 250
258 86
259 35
260 19
261 23
262 93
263 269
264 85
265 19
266 39
267 79
268 72
269 50
270 83
271 49
272 28
273 26
274 4
275 9
276 1
277 20
278 42
279 233
280 14
281 9
282 8
283 59
285 51
286 36
287 19
288 150
289 95
290 44
291 76
292 52
293 33
294 67
295 27
296 73
297 80
298 82
299 38
301 46
302 8
303 15
304 5
305 27
306 108
307 60
308 12
309 4
310 5
311 36
312 6
313 54
314 17
315 6
316 22
317 4
318 12
319 9
320 15
321 46
322 40
323 219
325 20
331 2
332 5
335 11
336 64
337 22
338 8
339 2
341 90
342 18
343 3
344 18
345 2
1 33636
2 4702
3 1345
4 1219
5 627
6 189
7 96
8 539
10 203
11 290
12 50
13 35
14 175
15 32
16 1939
17 273
18 2
19 44
20 5
22 4
24 2
25 17
26 1
31 4
35 2
51 7
208 37
346 2
347 1
348 10
349 1
350 13
351 18
352 344
353 38
354 93
355 15
356 17
357 22
358 10
359 52
360 23
361 10
362 18
363 63
364 67
365 1
366 6
367 97
368 72
369 149
370 45
371 59
372 57
373 46
374 8
375 1
376 13
377 22
378 6
379 20
380 15
381 5
382 9
383 54
1 8740
2 675
3 165
4 162
5 37
6 17
7 1
8 54
10 2
11 30
12 2
14 14
15 2
16 212
17 2
208 8
384 5
385 14
386 11
387 7
388 4
389 6
390 1
391 2
392 33
393 14
1 1234
2 12
3 18
5 12
9 6
16 16
394 2
