1 861
2 4235
3 59
4 473
5 1122
6 183
7 2776
9 222
10 135
11 388
13 1435
15 1046
16 120
17 207
18 71
20 545
22 47
23 461
24 6278
25 358
26 3171
27 153
28 593
29 309
30 276
31 128
32 426
33 5
34 51
35 320
36 45
37 13
38 31
39 88
40 667
41 83
42 136
43 220
44 13
45 3
46 1
47 2
48 19
49 172
50 10
51 51
52 194
53 361
54 9
55 10
56 246
57 7
58 57
59 2
60 162
61 195
62 80
63 53
64 2
65 6
66 19
67 25
68 1
69 4
70 4
71 1
72 1
73 385
74 477
75 368
76 10
77 26
78 12
79 42
80 205
81 115
82 43
83 36
84 54
85 62
86 184
87 19
88 1
89 1
90 5
92 6
93 2
94 1
95 121
96 184
97 107
98 10
99 41
100 1
101 32
102 81
103 37
104 30
105 47
106 40
107 11
108 2
109 23
110 19
111 140
112 74
113 126
114 9
115 7
116 560
117 196
118 189
119 317
120 129
121 324
122 319
123 98
124 175
125 55
126 48
127 33
128 70
129 27
130 25
131 91
132 12
133 10
134 1
135 115
136 79
137 390
138 378
139 517
140 576
141 79
142 295
143 268
144 266
145 118
146 73
147 135
148 60
149 112
150 62
151 54
152 26
153 20
154 47
155 10
156 17
157 134
158 50
159 60
160 5
161 5
162 30
163 7
164 9
165 6
166 8
167 1
168 51
169 4
170 3
171 1
172 3
173 3
174 2
175 4
176 7
177 3
178 140
179 239
180 201
181 81
182 491
183 211
184 108
185 48
186 63
187 73
188 83
189 194
190 13
191 79
192 6
193 45
194 22
195 132
196 161
197 113
198 8
199 183
200 27
201 107
202 31
203 8
204 14
205 22
206 8
207 31
208 39
209 6
210 36
211 5
212 20
213 2
214 3
215 7
216 12
217 8
218 102
219 28
220 96
221 6
222 10
223 198
224 174
225 52
226 6
227 3
228 30
229 5
230 37
231 4
232 28
233 72
234 45
235 54
236 12
237 14
238 10
239 1
240 11
241 35
242 242
243 202
244 105
245 293
246 92
247 103
248 84
249 23
250 174
251 95
252 244
253 100
254 215
255 108
256 107
257 23
258 42
259 301
260 133
261 114
262 43
263 103
264 31
265 109
266 43
267 32
268 59
269 60
270 26
271 21
272 35
273 19
274 11
275 27
276 11
277 3
278 2
279 6
280 17
281 142
282 5
283 48
284 101
285 60
286 32
287 41
288 19
289 45
290 12
291 46
292 31
293 31
294 53
295 51
296 27
297 26
298 28
299 7
300 32
301 63
302 17
303 25
304 16
305 20
306 5
307 13
308 6
309 14
310 15
311 3
312 5
313 37
314 1
315 4
316 11
317 3
318 19
319 23
320 39
321 27
322 3
323 4
324 340
325 182
326 52
329 2
331 2
402 63
403 30
404 19
411 36
412 27
413 26
414 26
415 9
416 10
419 13
425 61
426 4
427 15
445 4
452 30
453 27
454 9
455 5
472 4
473 30
523 83
525 50
526 14
527 7
528 26
530 25
531 38
532 12
533 22
534 16
535 8
538 7
539 15
546 5
549 21
553 4
566 27
1 3643
2 14331
3 888
4 3173
5 4396
6 1678
7 3986
9 823
10 667
11 1831
13 2591
15 1862
16 720
17 601
18 294
20 229
22 351
23 455
24 9563
25 1178
26 2888
27 48
28 721
29 315
30 182
31 104
32 122
35 239
36 75
39 45
40 851
41 110
42 17
43 175
44 4
53 14
56 21
62 13
63 114
66 4
67 46
74 29
87 25
88 10
128 5
131 8
324 544
325 129
326 102
327 100
328 1
329 8
330 2
331 87
332 1
333 3
334 146
335 613
336 462
337 5
338 136
339 149
340 102
341 95
342 112
343 70
344 23
345 19
346 15
347 14
348 30
349 19
350 2
351 4
352 6
353 7
354 51
355 1
356 47
357 566
358 204
359 199
360 57
361 314
362 137
363 23
364 376
365 215
366 74
367 7
368 35
369 181
370 77
371 23
372 1
373 5
374 13
375 1
376 3
377 109
378 424
379 60
380 283
381 61
382 381
383 61
384 131
385 31
386 17
387 230
388 193
389 31
390 1
391 4
392 4
393 2
394 191
395 61
396 91
397 117
398 95
399 67
400 2
401 128
402 125
403 62
404 77
405 39
406 26
407 2
408 53
409 3
410 395
411 377
412 203
413 53
414 33
415 60
416 126
417 83
418 50
419 21
420 198
421 102
422 188
423 118
424 153
425 72
426 84
427 19
428 51
429 87
430 79
431 163
432 87
433 34
434 99
435 37
436 6
437 5
438 25
439 5
440 101
441 3
442 4
443 1
444 43
445 81
446 69
447 63
448 19
449 221
450 57
451 97
453 79
454 61
455 39
456 78
457 217
458 88
459 79
460 173
461 59
462 138
463 49
464 44
465 45
466 123
467 52
468 162
469 146
470 182
471 95
474 41
475 9
476 27
477 48
478 19
479 26
480 94
481 5
482 24
483 35
484 21
485 44
486 2
487 14
488 5
489 8
490 11
491 12
492 47
493 177
494 100
495 98
496 47
497 5
498 32
499 9
500 22
501 31
502 17
503 3
504 95
505 42
506 18
507 95
508 44
509 29
510 26
511 61
512 15
513 20
514 19
515 16
516 1
517 7
518 6
519 19
520 91
521 93
522 489
524 23
529 81
536 4
537 9
540 99
541 19
542 68
543 51
544 15
545 92
547 31
548 6
550 6
551 24
552 25
554 28
555 13
556 60
557 99
558 85
559 115
560 60
561 44
562 32
563 44
564 43
565 5
1 11057
2 10841
3 1502
4 3798
5 1801
6 2356
7 1042
9 679
10 612
11 817
13 683
15 733
16 1067
17 326
18 56
20 41
22 541
23 42
24 4926
25 513
26 1042
27 3
28 415
29 147
30 43
31 27
32 6
35 13
39 2
40 348
41 73
42 14
43 37
53 4
63 71
67 49
88 51
91 12
324 219
325 58
326 6
567 2
568 1
569 77
570 17
571 1
572 13
573 54
574 32
575 896
576 146
577 151
578 154
579 157
580 28
581 19
582 22
583 56
584 61
585 118
586 77
587 171
588 322
589 177
590 75
591 38
592 23
593 87
594 8
595 5
596 56
597 81
598 144
599 89
600 212
601 124
602 128
603 271
604 100
605 36
606 71
607 37
608 62
609 38
610 49
611 98
612 26
613 91
614 39
615 2
616 50
617 55
618 19
619 77
620 119
621 8
1 5136
2 1744
3 240
4 701
5 216
6 589
7 68
9 223
10 97
11 68
13 61
15 49
16 186
17 38
18 2
22 98
23 2
24 619
25 34
26 50
28 11
29 9
40 22
41 3
63 3
324 34
325 8
622 5
623 91
624 18
625 113
626 30
627 57
628 22
629 38
630 32
631 45
632 24
1 718
2 84
3 73
4 52
5 1
6 153
7 12
9 88
10 9
11 9
14 6
15 9
16 9
22 4
24 61
25 14
324 2
633 8
