1 17134
2 1807
5 2143
6 321
10 70
11 247
17 1855
18 1085
20 67
21 2240
25 21
27 44
28 1903
29 2961
30 1272
31 498
32 263
33 107
38 445
40 4952
41 543
42 60
43 8
44 45
52 2
55 1620
56 1191
57 10
58 142
59 43
60 168
61 132
62 42
63 3
64 340
71 7
72 17
76 1
77 2
87 2
105 67
106 72
107 62
108 382
109 124
110 79
111 41
112 227
113 44
114 38
115 17
116 9
117 8
118 14
119 78
122 115
123 388
124 103
125 43
128 75
130 41
131 49
132 17
133 5
134 3
135 37
136 4
137 1
138 1
139 8
140 1
141 2
143 10
144 25
148 21
150 11
151 20
152 5
153 8
159 38
160 2
161 7
162 5
164 2
165 7
166 6
167 19
168 1
169 3
170 4
175 31
179 13
183 1
184 2
187 197
188 30
189 160
191 75
192 12
193 126
198 32
199 62
200 55
201 17
202 36
205 79
206 3
207 12
208 29
209 60
210 17
211 20
212 19
214 2
215 1
216 4
219 24
221 43
222 6
226 49
227 20
230 10
231 3
232 17
233 5
234 2
236 2
237 1
238 20
239 3
240 2
241 4
243 13
244 1
247 41
250 2
289 31
290 23
296 25
298 4
301 9
304 4
317 3
324 17
325 4
339 14
363 7
366 1
367 5
368 1
369 1
372 1
373 11
379 16
1 46338
2 1122
5 591
6 44
35 978
36 212
39 924
40 15346
41 921
42 189
43 38
44 63
52 11
55 3988
56 1199
57 10
58 232
59 20
61 106
62 10
64 414
246 2
247 34
248 32
249 1
250 4
251 2
252 35
253 28
254 122
255 333
256 3
257 35
258 6
259 6
260 6
261 4
262 6
264 2
265 15
266 60
267 20
268 11
269 53
270 35
272 10
273 26
274 1
275 13
276 20
277 7
278 15
279 4
280 22
283 9
284 9
285 8
288 1
289 69
290 57
291 65
292 28
293 16
294 1
295 229
296 165
297 56
298 35
299 19
300 23
301 71
302 263
303 39
304 19
305 15
306 60
307 72
308 27
309 59
310 41
311 21
312 22
313 6
314 7
315 1
316 18
317 40
318 190
319 13
320 8
321 7
324 37
325 35
326 18
327 122
328 67
329 44
330 40
331 40
332 31
333 37
334 16
335 15
336 52
337 46
338 14
340 17
341 3
342 1
343 3
348 4
349 5
350 32
351 6
352 32
353 7
355 1
356 1
357 8
358 4
359 12
360 42
361 33
362 213
364 20
371 5
374 8
375 64
376 20
377 7
378 2
380 90
381 18
382 3
383 18
384 2
1 34794
2 193
5 157
6 3
40 14841
41 448
42 55
43 1
44 32
52 1
55 1657
56 214
57 2
58 34
59 2
61 2
64 13
247 37
385 2
386 1
387 8
388 1
389 3
390 16
391 78
392 24
393 12
394 7
395 10
396 11
397 4
398 14
399 4
400 3
401 9
402 13
403 13
404 1
406 97
407 72
408 135
409 45
410 47
411 48
412 42
413 6
414 1
415 12
416 20
417 6
418 17
419 13
420 5
421 9
422 54
1 7326
2 2
40 3908
41 46
42 12
55 198
56 2
247 8
423 5
424 13
425 11
426 1
427 4
428 5
429 1
430 2
431 33
432 14
1 718
40 589
41 12
42 6
48 6
55 16
433 2
1 1684
2 75
4 2601
5 1206
6 789
7 1972
8 959
9 479
10 1214
11 191
12 746
14 200
15 300
16 260
17 380
19 266
20 409
21 887
22 378
24 5
25 616
26 322
27 11
29 1162
30 387
31 6
50 29
51 320
53 36
59 10
67 11206
68 1403
69 1269
70 279
71 52
72 138
73 1275
74 769
75 1372
76 33
77 1110
78 1307
79 874
83 40
85 3038
86 338
87 53
88 8
89 54
91 1168
92 949
93 10
95 11
96 104
97 114
98 40
100 248
102 11
103 2
104 2
105 65
106 60
107 52
108 299
109 73
110 59
111 10
112 215
113 38
114 34
116 1
117 4
118 14
119 64
120 68
121 304
122 83
123 31
124 70
125 37
126 35
127 5
128 3
130 30
131 2
133 1
134 8
135 1
137 10
139 23
140 8
141 20
142 6
143 7
144 29
145 2
146 7
148 2
149 3
150 6
151 14
152 1
153 3
155 24
156 13
157 3
159 156
160 36
161 62
162 19
163 8
164 94
165 28
166 26
167 55
168 16
169 28
170 66
171 5
172 18
173 25
174 60
175 17
176 20
177 19
178 2
180 4
181 41
182 23
184 43
185 10
186 46
187 20
188 24
189 2
190 17
191 5
192 2
193 2
195 20
196 3
197 2
198 4
200 1
306 1
2 8192
3 838
4 4784
5 404
6 163
7 75
8 7
11 1
29 2233
30 1040
31 1296
32 85
33 499
34 163
35 227
36 33
37 127
39 68
40 217
42 410
43 71
44 320
45 243
46 458
51 1104
52 2930
53 1892
54 1483
55 2512
56 1865
59 690
61 316
62 394
63 760
67 27220
68 668
69 114
70 18
84 268
85 5511
86 193
87 72
88 22
89 39
91 1751
92 650
93 8
97 62
98 10
100 321
208 9
209 61
219 7
221 11
222 50
223 25
225 18
227 9
228 17
229 7
230 17
232 21
234 8
235 7
236 4
237 51
238 35
243 149
244 58
245 37
246 25
247 15
248 20
250 71
251 11
252 12
258 23
259 2
260 14
265 30
266 118
267 5
268 2
269 1
271 22
272 15
273 61
275 24
276 32
277 38
278 25
279 6
281 12
282 34
283 4
284 8
288 1
292 24
293 3
294 10
295 6
296 1
298 3
299 2
300 8
301 40
302 31
303 88
305 20
310 5
313 1
314 25
315 8
316 7
4 5468
5 12
6 8
7 6
8 6
29 966
30 228
31 1
47 473
48 142
49 309
51 83
64 1407
66 1725
67 30352
68 152
69 132
85 8636
86 230
87 52
88 1
89 31
91 886
92 165
93 2
97 2
100 8
326 6
330 71
331 24
332 12
334 8
335 11
336 4
337 9
338 4
339 3
340 9
341 13
342 12
343 1
344 66
345 45
347 44
348 45
349 48
350 32
351 4
353 2
354 16
355 6
356 17
357 13
358 2
359 9
360 40
4 1002
29 139
30 26
67 6979
68 2
85 3118
86 18
87 12
91 91
92 2
361 5
362 13
363 11
364 1
365 4
366 5
367 1
368 2
369 33
370 14
4 27
29 2
67 718
85 562
86 12
87 6
90 6
91 14
371 2
