6 2
16 718
22 587
23 12
24 6
27 6
28 16
164 2
6 165
16 7310
17 2
22 3767
23 46
24 12
28 198
29 2
154 5
155 13
156 11
157 1
158 4
159 5
160 1
161 2
162 33
163 14
6 1389
7 1
8 50
14 2411
15 2230
16 31950
17 167
22 11692
23 411
24 52
25 1
26 31
28 1357
29 165
129 71
130 24
131 12
132 8
133 11
134 4
135 9
136 4
137 3
138 9
139 15
140 12
141 1
142 56
143 61
144 48
145 35
146 7
147 3
148 16
149 6
150 17
151 20
152 9
153 42
165 7
168 6
177 117
1 1437
2 7986
3 824
6 4297
7 4631
8 2431
9 3159
10 4024
11 1154
12 554
13 943
16 28812
17 703
21 304
22 6753
23 339
24 73
25 22
26 51
28 2539
29 728
31 10
86 71
87 7
88 11
89 60
90 25
91 18
92 9
93 17
94 7
95 17
96 22
97 8
98 7
99 4
100 215
101 27
102 101
103 29
104 14
105 24
106 147
107 5
108 8
109 33
110 37
111 39
112 16
113 65
114 12
115 1
116 10
117 18
118 1
119 3
120 6
121 40
122 34
123 183
124 20
125 7
126 98
127 18
128 10
165 110
168 355
173 85
174 137
175 10
176 44
2 75
4 843
5 698
6 1854
7 7
8 338
11 10
16 17115
17 1802
18 121
19 2409
20 1632
22 5731
23 1448
24 139
25 8
26 167
28 2710
29 1801
30 118
31 41
32 67
33 75
34 108
35 354
36 129
37 632
38 43
39 52
40 26
41 792
42 222
43 62
44 113
45 69
46 25
47 60
48 1
49 187
50 69
51 22
52 118
53 2
54 7
55 31
56 38
57 39
58 246
59 76
60 115
61 20
62 12
63 135
64 205
65 116
66 26
67 52
68 124
69 29
70 30
71 71
72 84
73 19
74 56
75 5
76 35
77 60
78 237
79 169
80 3
81 63
82 21
83 20
84 27
85 2
165 2462
166 287
167 11
168 372
169 57
170 130
171 3
172 11
173 1
1 1437
2 7986
3 824
6 4297
7 4631
8 2431
9 3159
10 4024
11 1154
12 554
13 943
16 28812
17 703
21 304
22 6753
23 339
24 73
25 22
26 51
28 2539
29 728
31 10
86 71
87 7
88 11
89 60
90 25
91 18
92 9
93 17
94 7
95 17
96 22
97 8
98 7
99 4
100 215
101 27
102 101
103 29
104 14
105 24
106 147
107 5
108 8
109 33
110 37
111 39
112 16
113 65
114 12
115 1
116 10
117 18
118 1
119 3
120 6
121 40
122 34
123 183
124 20
125 7
126 98
127 18
128 10
165 110
168 355
173 85
174 137
175 10
176 44
