4 27
19 2
30 718
44 562
45 12
46 6
49 6
50 14
243 2
4 27
19 2
30 718
44 562
45 12
46 6
49 6
50 14
243 2
4 1002
16 26
19 139
30 6979
31 2
44 3118
45 18
46 12
50 91
51 2
233 5
234 13
235 11
236 1
237 4
238 5
239 1
240 2
241 33
242 14
4 5468
5 12
6 6
16 229
19 1062
20 1
28 2009
29 2033
30 30356
31 152
32 132
33 3
44 8636
45 230
46 52
47 1
48 31
50 886
51 165
52 2
55 2
57 8
204 6
205 71
206 24
207 12
208 8
209 11
210 4
211 9
212 4
213 3
214 9
215 13
216 12
217 1
218 66
219 45
220 44
221 45
222 48
223 32
224 4
225 2
226 16
227 6
228 17
229 13
230 2
231 9
232 40
2 8192
3 838
4 4784
5 404
6 75
16 1119
17 511
18 459
19 3467
20 4218
21 2015
22 2676
23 3923
24 796
25 414
26 680
27 763
30 27543
31 689
32 134
33 24
43 268
44 5666
45 213
46 75
47 22
48 39
50 1768
51 655
52 8
55 62
56 10
57 321
142 9
143 61
144 7
145 11
146 50
147 25
148 18
149 9
150 17
151 7
152 17
153 21
154 8
155 7
156 4
157 51
158 35
159 149
160 58
161 37
162 25
163 15
164 20
165 73
166 13
167 12
168 29
169 8
170 14
171 144
172 5
173 2
174 5
175 22
176 15
177 64
178 26
179 32
180 38
181 25
182 12
183 34
184 8
185 1
186 24
187 3
188 10
189 6
190 1
191 3
192 6
193 8
194 40
195 31
196 92
197 20
199 5
200 3
201 25
202 8
203 7
1 1689
2 75
4 2573
5 1158
6 1745
7 497
8 1216
9 771
10 342
11 256
12 266
13 1020
14 396
15 549
16 430
19 1494
20 7
21 39
24 10
30 12610
31 1498
32 1433
33 311
34 69
35 138
36 1321
37 807
38 1531
39 33
40 1158
41 1732
42 1019
44 3333
45 372
46 53
47 8
48 57
50 1186
51 1010
52 10
53 11
54 107
55 123
56 41
57 274
58 11
59 2
60 2
61 65
62 60
63 52
64 322
65 79
66 59
67 16
68 224
69 38
70 35
71 6
72 14
73 70
74 84
75 363
76 87
77 31
78 71
79 39
80 40
81 3
82 32
83 2
84 1
85 8
86 1
87 10
88 23
89 8
90 20
91 6
92 7
93 37
94 2
95 7
96 2
97 6
98 19
99 1
100 3
101 27
102 13
103 3
104 176
105 36
106 62
107 19
108 12
109 96
110 30
111 26
112 55
113 16
114 28
115 66
116 5
117 19
118 27
119 60
120 18
121 20
122 19
123 2
124 4
125 45
126 23
127 44
128 10
129 46
130 20
131 26
132 3
133 17
134 5
135 2
136 2
137 20
138 3
139 2
140 4
141 1
198 1
